0 0.174831 0.531525 0.075687 0.256000
0 0.477237 0.315887 0.123625 0.109975
0 0.627575 0.392350 0.099750 0.097950
0 0.623281 0.507475 0.091163 0.097950
0 0.423969 0.446475 0.077238 0.127150
0 0.507775 0.443900 0.083325 0.118550
0 0.343175 0.556437 0.082475 0.154625
0 0.425644 0.572675 0.077313 0.114950
0 0.512456 0.570187 0.089438 0.123725
0 0.349650 0.700775 0.076375 0.123700
0 0.427362 0.699913 0.080750 0.125425
0 0.509919 0.697338 0.085913 0.134025
0 0.348794 0.823537 0.073112 0.128675
0 0.427875 0.825350 0.078175 0.122000
0 0.509494 0.828788 0.078188 0.115125
0 0.849231 0.391487 0.044588 0.058425
0 0.830369 0.448113 0.030937 0.051375
0 0.881012 0.453350 0.051625 0.055000
0 0.857856 0.523800 0.085913 0.079050
0 0.290375 0.343387 0.064525 0.079025
0 0.071694 0.260912 0.128862 0.298975
0 0.159369 0.260825 0.037888 0.271300
0 0.071737 0.546137 0.130500 0.295525
0 0.070487 0.845962 0.129725 0.290375
0 0.169631 0.803775 0.058412 0.261000
0 0.264987 0.730838 0.061850 0.118575
0 0.225087 0.607125 0.033425 0.118550
0 0.225944 0.870012 0.028438 0.091075
