0 0.746581 0.838134 0.073338 0.115286
0 0.781984 0.739292 0.075857 0.091771
0 0.408375 0.945886 0.144129 0.108229
0 0.721296 0.942820 0.123909 0.098828
0 0.616362 0.849891 0.032870 0.068229
0 0.652394 0.895777 0.069531 0.065886
0 0.610037 0.945177 0.070791 0.065886
0 0.506999 0.892234 0.094817 0.157657
0 0.542401 0.856948 0.122635 0.167084
0 0.676413 0.833420 0.056896 0.091744
0 0.697906 0.666349 0.059414 0.185886
0 0.766808 0.658120 0.058155 0.065886
0 0.661874 0.744005 0.075871 0.077657
0 0.472225 0.915763 0.113792 0.138828
