0 0.143754 0.266834 0.271277 0.382257
0 0.413335 0.359342 0.243131 0.206416
0 0.413900 0.562706 0.194738 0.230888
0 0.696431 0.113161 0.244262 0.218652
0 0.672231 0.262247 0.164338 0.165141
0 0.638462 0.344817 0.265646 0.076447
0 0.899035 0.245423 0.196992 0.470951
2 0.882154 0.601693 0.210492 0.287461
0 0.653658 0.811176 0.440115 0.192654
1 0.274885 0.716374 0.463754 0.385329
1 0.637335 0.565000 0.326423 0.357795
0 0.145323 0.472503 0.290646 0.279801
0 0.429096 0.086405 0.267900 0.168192
0 0.429658 0.243898 0.329808 0.253814
